d 0 1
0 1 0 0 1
d 1 2
0 1 0 0 1
1 2 -1 0 1
d 2 3
0 1 0 0 1
1 2 -1 0 1
2 0 -1 0 -1
d 3 4
0 1 0 0 1
1 2 -1 0 1
2 0 -1 0 -1
2 3 -1 0 4
d 4 5
0 1 0 0 1
1 2 -1 0 1
2 0 -1 0 -1
2 3 -1 0 4
3 0 -1 0 -1
d 5 6
0 1 0 0 1
1 2 -1 0 1
2 0 -1 0 -1
2 3 -1 0 4
3 0 -1 0 -1
3 1 -1 0 -1
d 6 7
0 1 0 0 1
1 2 -1 0 1
2 0 -1 0 -1
2 3 -1 0 4
3 0 -1 0 -1
3 1 -1 0 -1
2 4 -1 0 4
d 7 8
0 1 0 0 1
1 2 -1 0 1
2 0 -1 0 -1
2 3 -1 0 4
3 0 -1 0 -1
3 1 -1 0 -1
2 4 -1 0 4
4 1 -1 0 -1
d 8 6
0 1 0 0 1
1 2 -1 0 1
2 0 -1 0 -1
2 3 -1 0 4
3 0 -1 0 -1
2 4 -1 0 4
d 9 7
0 1 0 0 1
1 2 -1 0 1
2 0 -1 0 -1
2 3 -1 0 4
3 0 -1 0 -1
2 4 -1 0 4
4 1 -1 0 -1
d 10 6
0 1 0 0 1
1 2 -1 0 1
2 0 -1 0 -1
2 3 -1 0 4
3 0 -1 0 -1
1 4 -1 0 4
d 11 5
0 1 0 0 1
1 2 -1 0 1
2 0 -1 0 -1
2 3 -1 0 4
3 1 -1 0 -1
d 12 6
0 1 0 0 1
1 2 -1 0 1
2 0 -1 0 -1
2 3 -1 0 4
3 1 -1 0 -1
2 4 -1 0 4
d 13 7
0 1 0 0 1
1 2 -1 0 1
2 0 -1 0 -1
2 3 -1 0 4
3 1 -1 0 -1
2 4 -1 0 4
4 1 -1 0 -1
d 14 6
0 1 0 0 1
1 2 -1 0 1
2 0 -1 0 -1
2 3 -1 0 4
3 1 -1 0 -1
0 4 -1 0 4
d 15 5
0 1 0 0 1
1 2 -1 0 1
2 0 -1 0 -1
2 3 -1 0 4
2 4 -1 0 4
d 16 5
0 1 0 0 1
1 2 -1 0 1
2 0 -1 0 -1
2 3 -1 0 4
1 4 -1 0 4
d 17 5
0 1 0 0 1
1 2 -1 0 1
2 0 -1 0 -1
2 3 -1 0 4
0 4 -1 0 4
d 18 4
0 1 0 0 1
1 2 -1 0 1
2 0 -1 0 -1
0 3 -1 0 4
d 19 3
0 1 0 0 1
1 2 -1 0 1
2 3 -1 0 4
d 20 4
0 1 0 0 1
1 2 -1 0 1
2 3 -1 0 4
3 0 -1 0 -1
d 21 5
0 1 0 0 1
1 2 -1 0 1
2 3 -1 0 4
3 0 -1 0 -1
3 1 -1 0 -1
d 22 6
0 1 0 0 1
1 2 -1 0 1
2 3 -1 0 4
3 0 -1 0 -1
3 1 -1 0 -1
2 4 -1 0 4
d 23 7
0 1 0 0 1
1 2 -1 0 1
2 3 -1 0 4
3 0 -1 0 -1
3 1 -1 0 -1
2 4 -1 0 4
4 1 -1 0 -1
d 24 6
0 1 0 0 1
1 2 -1 0 1
2 3 -1 0 4
3 0 -1 0 -1
3 1 -1 0 -1
1 4 -1 0 4
d 25 5
0 1 0 0 1
1 2 -1 0 1
2 3 -1 0 4
3 0 -1 0 -1
2 4 -1 0 4
d 26 6
0 1 0 0 1
1 2 -1 0 1
2 3 -1 0 4
3 0 -1 0 -1
2 4 -1 0 4
4 1 -1 0 -1
d 27 5
0 1 0 0 1
1 2 -1 0 1
2 3 -1 0 4
3 0 -1 0 -1
1 4 -1 0 4
d 28 4
0 1 0 0 1
1 2 -1 0 1
2 3 -1 0 4
3 1 -1 0 -1
d 29 5
0 1 0 0 1
1 2 -1 0 1
2 3 -1 0 4
3 1 -1 0 -1
2 4 -1 0 4
d 30 6
0 1 0 0 1
1 2 -1 0 1
2 3 -1 0 4
3 1 -1 0 -1
2 4 -1 0 4
4 1 -1 0 -1
d 31 5
0 1 0 0 1
1 2 -1 0 1
2 3 -1 0 4
3 1 -1 0 -1
1 4 -1 0 4
d 32 6
0 1 0 0 1
1 2 -1 0 1
2 3 -1 0 4
3 1 -1 0 -1
1 4 -1 0 4
4 0 -1 0 -1
d 33 5
0 1 0 0 1
1 2 -1 0 1
2 3 -1 0 4
3 1 -1 0 -1
0 4 -1 0 4
d 34 4
0 1 0 0 1
1 2 -1 0 1
2 3 -1 0 4
2 4 -1 0 4
d 35 4
0 1 0 0 1
1 2 -1 0 1
2 3 -1 0 4
1 4 -1 0 4
d 36 5
0 1 0 0 1
1 2 -1 0 1
2 3 -1 0 4
1 4 -1 0 4
4 0 -1 0 -1
d 37 4
0 1 0 0 1
1 2 -1 0 1
2 3 -1 0 4
0 4 -1 0 4
d 38 3
0 1 0 0 1
1 2 -1 0 1
1 3 -1 0 4
d 39 4
0 1 0 0 1
1 2 -1 0 1
1 3 -1 0 4
3 0 -1 0 -1
d 40 5
0 1 0 0 1
1 2 -1 0 1
1 3 -1 0 4
3 0 -1 0 -1
1 4 -1 0 4
d 41 4
0 1 0 0 1
1 2 -1 0 1
1 3 -1 0 4
1 4 -1 0 4
d 42 4
0 1 0 0 1
1 2 -1 0 1
1 3 -1 0 4
0 4 -1 0 4
d 43 3
0 1 0 0 1
1 2 -1 0 1
0 3 -1 0 4
d 44 2
0 1 0 0 1
1 2 -1 0 4
d 45 3
0 1 0 0 1
1 2 -1 0 4
2 0 -1 0 -1
d 46 4
0 1 0 0 1
1 2 -1 0 4
2 0 -1 0 -1
2 3 -1 0 1
d 47 5
0 1 0 0 1
1 2 -1 0 4
2 0 -1 0 -1
2 3 -1 0 1
3 0 -1 0 -1
d 48 6
0 1 0 0 1
1 2 -1 0 4
2 0 -1 0 -1
2 3 -1 0 1
3 0 -1 0 -1
3 4 -1 0 4
d 49 7
0 1 0 0 1
1 2 -1 0 4
2 0 -1 0 -1
2 3 -1 0 1
3 0 -1 0 -1
3 4 -1 0 4
4 1 -1 0 -1
d 50 5
0 1 0 0 1
1 2 -1 0 4
2 0 -1 0 -1
2 3 -1 0 1
3 4 -1 0 4
d 51 6
0 1 0 0 1
1 2 -1 0 4
2 0 -1 0 -1
2 3 -1 0 1
3 4 -1 0 4
4 1 -1 0 -1
d 52 5
0 1 0 0 1
1 2 -1 0 4
2 0 -1 0 -1
2 3 -1 0 1
1 4 -1 0 4
d 53 4
0 1 0 0 1
1 2 -1 0 4
2 0 -1 0 -1
1 3 -1 0 4
d 54 5
0 1 0 0 1
1 2 -1 0 4
2 0 -1 0 -1
1 3 -1 0 4
3 4 -1 0 1
d 55 6
0 1 0 0 1
1 2 -1 0 4
2 0 -1 0 -1
1 3 -1 0 4
3 4 -1 0 1
4 0 -1 0 -1
d 56 5
0 1 0 0 1
1 2 -1 0 4
2 0 -1 0 -1
1 3 -1 0 4
0 4 -1 0 1
d 57 4
0 1 0 0 1
1 2 -1 0 4
2 0 -1 0 -1
0 3 -1 0 1
d 58 5
0 1 0 0 1
1 2 -1 0 4
2 0 -1 0 -1
0 3 -1 0 1
3 4 -1 0 4
d 59 3
0 1 0 0 1
1 2 -1 0 4
2 3 -1 0 1
d 60 4
0 1 0 0 1
1 2 -1 0 4
2 3 -1 0 1
3 0 -1 0 -1
d 61 5
0 1 0 0 1
1 2 -1 0 4
2 3 -1 0 1
3 0 -1 0 -1
3 4 -1 0 4
d 62 6
0 1 0 0 1
1 2 -1 0 4
2 3 -1 0 1
3 0 -1 0 -1
3 4 -1 0 4
4 1 -1 0 -1
d 63 5
0 1 0 0 1
1 2 -1 0 4
2 3 -1 0 1
3 0 -1 0 -1
0 4 -1 0 4
d 64 4
0 1 0 0 1
1 2 -1 0 4
2 3 -1 0 1
3 4 -1 0 4
d 65 5
0 1 0 0 1
1 2 -1 0 4
2 3 -1 0 1
3 4 -1 0 4
4 0 -1 0 -1
d 66 5
0 1 0 0 1
1 2 -1 0 4
2 3 -1 0 1
3 4 -1 0 4
4 1 -1 0 -1
d 67 4
0 1 0 0 1
1 2 -1 0 4
2 3 -1 0 1
1 4 -1 0 4
d 68 4
0 1 0 0 1
1 2 -1 0 4
2 3 -1 0 1
0 4 -1 0 4
d 69 3
0 1 0 0 1
1 2 -1 0 4
1 3 -1 0 4
d 70 4
0 1 0 0 1
1 2 -1 0 4
1 3 -1 0 4
0 4 -1 0 1
d 71 3
0 1 0 0 1
1 2 -1 0 4
0 3 -1 0 1
d 72 4
0 1 0 0 1
1 2 -1 0 4
0 3 -1 0 1
3 4 -1 0 4
d 73 4
0 1 0 0 1
1 2 -1 0 4
0 3 -1 0 1
0 4 -1 0 4
d 74 3
0 1 0 0 1
1 2 -1 0 4
0 3 -1 0 4
d 75 4
0 1 0 0 1
1 2 -1 0 4
0 3 -1 0 4
3 4 -1 0 1
d 76 2
0 1 0 0 1
0 2 -1 0 1
d 77 3
0 1 0 0 1
0 2 -1 0 1
0 3 -1 0 4
d 78 2
0 1 0 0 1
0 2 -1 0 4
d 79 3
0 1 0 0 1
0 2 -1 0 4
2 3 -1 0 1
d 80 4
0 1 0 0 1
0 2 -1 0 4
2 3 -1 0 1
3 4 -1 0 4
d 81 1
0 1 0 0 4
d 82 2
0 1 0 0 4
1 2 -1 0 1
d 83 3
0 1 0 0 4
1 2 -1 0 1
2 3 -1 0 1
d 84 4
0 1 0 0 4
1 2 -1 0 1
2 3 -1 0 1
3 1 -1 0 -1
d 85 5
0 1 0 0 4
1 2 -1 0 1
2 3 -1 0 1
3 1 -1 0 -1
3 4 -1 0 4
d 86 6
0 1 0 0 4
1 2 -1 0 1
2 3 -1 0 1
3 1 -1 0 -1
3 4 -1 0 4
4 2 -1 0 -1
d 87 4
0 1 0 0 4
1 2 -1 0 1
2 3 -1 0 1
3 4 -1 0 4
d 88 5
0 1 0 0 4
1 2 -1 0 1
2 3 -1 0 1
3 4 -1 0 4
4 2 -1 0 -1
d 89 4
0 1 0 0 4
1 2 -1 0 1
2 3 -1 0 1
2 4 -1 0 4
d 90 3
0 1 0 0 4
1 2 -1 0 1
2 3 -1 0 4
d 91 4
0 1 0 0 4
1 2 -1 0 1
2 3 -1 0 4
3 4 -1 0 1
d 92 5
0 1 0 0 4
1 2 -1 0 1
2 3 -1 0 4
3 4 -1 0 1
4 1 -1 0 -1
d 93 4
0 1 0 0 4
1 2 -1 0 1
2 3 -1 0 4
1 4 -1 0 1
d 94 3
0 1 0 0 4
1 2 -1 0 1
1 3 -1 0 1
d 95 1
0 1 1 0 1
d 96 2
0 1 1 0 1
1 2 -1 0 4
d 97 3
0 1 1 0 1
1 2 -1 0 4
2 0 -1 0 -1
d 98 4
0 1 1 0 1
1 2 -1 0 4
2 0 -1 0 -1
1 3 -1 0 4
d 99 5
0 1 1 0 1
1 2 -1 0 4
2 0 -1 0 -1
1 3 -1 0 4
3 0 -1 0 -1
d 100 3
0 1 1 0 1
1 2 -1 0 4
1 3 -1 0 4
d 101 3
0 1 1 0 1
1 2 -1 0 4
0 3 -1 0 4
d 102 1
0 1 1 0 4
d 103 2
0 1 1 0 4
1 2 -1 0 1
d 104 3
0 1 1 0 4
1 2 -1 0 1
2 3 -1 0 4
d 105 4
0 1 1 0 4
1 2 -1 0 1
2 3 -1 0 4
3 0 -1 0 -1
d 106 2
0 1 1 0 4
0 2 -1 0 4
